MEP: 26.84339132566621
DEV: 2.233232293044825
TIM: 60529.0
