MEP: 27.96708791742193
DEV: 5.936416091548342
TIM: 57521.333333333336
