MEP: 14.016026362876387
DEV: 0.20739039440864637
TIM: 53403.0
