MEP: 18.48677969772851
DEV: 0.56690423768825
TIM: 48247.666666666664
