MEP: 11.629444518170738
DEV: 0.6676367103635279
TIM: 18431.0
