MEP: 19.099679276416776
DEV: 0.537277583983613
TIM: 18515.0
