MEP: 4.12945117508752
DEV: 0.016111649086106183
TIM: 34612.0
