MEP: 10.10352076288823
DEV: 0.22399199503844347
TIM: 36997.0
