MEP: 12.701661391347338
DEV: 0.1716775404744891
TIM: 37282.333333333336
