MEP: 3.8123749881174733
DEV: 0.0149402522576767
TIM: 31317.0
