MEP: 2.591198333023975
DEV: 0.07214519375892428
TIM: 15411.0
