MEP: 4.244438779891009
DEV: 0.010216452225141115
TIM: 25609.5
