MEP: 6.039077106551117
DEV: 0.07816650529680791
TIM: 27420.0
