MEP: 4.12391335176307
DEV: 0.09281095800699765
TIM: 16415.2
