MEP: 6.3419522334415515
DEV: 0.07004079664874041
TIM: 27437.0
