MEP: 4.625000442907838
DEV: 0.11097477693919577
TIM: 9925.0
