MEP: 8.337125826096923
DEV: 0.21450118834774745
TIM: 10583.0
