MEP: 14.34926548787935
DEV: 4.508894384117532
TIM: 9833.0
