MEP: 47.2925613793296
DEV: 0.6729480657726974
TIM: 37012.5
