MEP: 27.05942564069528
DEV: 12.950946075066291
TIM: 37547.0
