MEP: 183.88144442377188
DEV: 62.637616628985185
TIM: 8591.4
