MEP: 1.8125379700572284
DEV: 0.0011355382377549184
TIM: 24547.0
