MEP: 4.1957379129801415
DEV: 0.1649760112372176
TIM: 24366.5
