MEP: 3.5280212007187757
DEV: 0.2674425994659575
TIM: 0.0
