MEP: 4.605723979163752
DEV: 0.015874005133458713
TIM: 29784.5
