MEP: 4.995155586109998
DEV: 0.69189689335495
TIM: 26906.333333333332
