MEP: 15.874747018383271
DEV: 2.4727819156652346
TIM: 48888.0
