MEP: 23.86583593039861
DEV: 0.4452488217531485
TIM: 53464.0
