MEP: 16.421248605344694
DEV: 0.1373719153442412
TIM: 50972.0
