MEP: 9.607009195478865
DEV: 0.1297117437336155
TIM: 49570.0
