MEP: 27.27452352868247
DEV: 0.5547557916509298
TIM: 28623.5
