MEP: 26.224290470022467
DEV: 2.5679586751227212
TIM: 26931.5
