MEP: 17.39694851473311
DEV: 0.30303643523904356
TIM: 19311.0
