MEP: 3.600409593501612
DEV: 0.4988348410730165
TIM: 7784.8
