MEP: 7.849807314621091
DEV: 0.9475743946366082
TIM: 9554.5
