MEP: 1.9947261397650509
DEV: 0.01975592006496263
TIM: 3793.5
