MEP: 3.0183171174738117
DEV: 0.17770471952763173
TIM: 8181.6
