MEP: 11.425127421822467
DEV: 1.024142563690682
TIM: 10516.5
