MEP: 4.904659783353348
DEV: 0.36054808808062805
TIM: 7655.2
