MEP: 4.0552464003081585
DEV: 0.12508842080600258
TIM: 6806.5
