MEP: 15.367118108875054
DEV: 0.27015797726259283
TIM: 18001.5
