MEP: 30.124962338787395
DEV: 5.257473962009673
TIM: 64999.0
