MEP: 17.443802767344483
DEV: 1.80135491804407
TIM: 65362.0
