MEP: 8.32019166015429
DEV: 0.0740323130103997
TIM: 40428.0
