MEP: 14.44923071161275
DEV: 0.854366212148415
TIM: 39068.0
