MEP: 12.30434614222277
DEV: 0.1766468321428487
TIM: 37755.0
