MEP: 12.805172475006561
DEV: 0.6006662875005215
TIM: 39095.5
